  00000000 00000000 00000000 00000000 00000004 00000000
! 00000002 00000016 00000000 00000000 00000004 00000000
" 00000007 00000004 00000000 00000016 00000009 00000000
# 00000016 00000016 00000000 00000000 00000018 00000000
$ 00000016 00000016 00000000 00000000 00000018 00000000
% 00000012 00000015 00000000 00000000 00000014 00000000
& 00000016 00000016 00000000 00000000 00000018 00000000
' 00000003 00000004 00000000 00000016 00000005 00000000
( 00000016 00000016 00000000 00000000 00000018 00000000
) 00000016 00000016 00000000 00000000 00000018 00000000
* 00000016 00000016 00000000 00000000 00000018 00000000
+ 00000014 00000014 00000000 00000000 00000016 00000000
, 00000003 00000004 00000000 -0000002 00000005 00000000
- 00000014 00000002 00000000 00000006 00000016 00000000
. 00000002 00000002 00000000 00000000 00000004 00000000
/ 00000010 00000015 00000000 00000000 00000012 00000000
0 00000010 00000016 00000000 00000000 00000012 00000000
1 00000005 00000016 00000000 00000000 00000007 00000000
2 00000009 00000016 00000000 00000000 00000011 00000000
3 00000010 00000016 00000000 00000000 00000012 00000000
4 00000009 00000016 00000000 00000000 00000011 00000000
5 00000009 00000016 00000000 00000000 00000011 00000000
6 00000011 00000016 00000000 00000000 00000013 00000000
7 00000012 00000016 00000000 00000000 00000014 00000000
8 00000011 00000016 00000000 00000000 00000013 00000000
9 00000011 00000016 00000000 00000000 00000013 00000000
: 00000003 00000009 00000000 00000003 00000005 00000000
; 00000003 00000011 00000000 00000000 00000005 00000000
< 00000010 00000012 00000000 00000000 00000012 00000000
= 00000014 00000007 00000000 00000003 00000016 00000000
> 00000010 00000012 00000000 00000000 00000012 00000000
? 00000009 00000016 00000000 00000000 00000011 00000000
@ 00000016 00000016 00000000 00000000 00000018 00000000
A 00000010 00000016 00000000 00000000 00000012 00000000
B 00000010 00000016 00000000 00000000 00000012 00000000
C 00000010 00000016 00000000 00000000 00000012 00000000
D 00000010 00000016 00000000 00000000 00000012 00000000
E 00000010 00000016 00000000 00000000 00000012 00000000
F 00000010 00000016 00000000 00000000 00000012 00000000
G 00000012 00000016 00000000 00000000 00000014 00000000
H 00000010 00000016 00000000 00000000 00000012 00000000
I 00000010 00000016 00000000 00000000 00000012 00000000
J 00000009 00000016 00000000 00000000 00000011 00000000
K 00000012 00000016 00000000 00000000 00000014 00000000
L 00000009 00000016 00000000 00000000 00000011 00000000
M 00000016 00000016 00000000 00000000 00000018 00000000
N 00000012 00000016 00000000 00000000 00000014 00000000
O 00000012 00000016 00000000 00000000 00000014 00000000
P 00000010 00000016 00000000 00000000 00000012 00000000
Q 00000013 00000016 00000000 00000000 00000015 00000000
R 00000009 00000016 00000000 00000000 00000011 00000000
S 00000011 00000016 00000000 00000000 00000013 00000000
T 00000010 00000016 00000000 00000000 00000012 00000000
U 00000012 00000016 00000000 00000000 00000014 00000000
V 00000012 00000016 00000000 00000000 00000014 00000000
W 00000016 00000016 00000000 00000000 00000018 00000000
X 00000012 00000016 00000000 00000000 00000018 00000000
Y 00000012 00000016 00000000 00000000 00000018 00000000
Z 00000012 00000016 00000000 00000000 00000018 00000000
[ 00000016 00000016 00000000 00000000 00000018 00000000
\ 00000010 00000015 00000000 00000000 00000012 00000000
] 00000016 00000016 00000000 00000000 00000018 00000000
^ 00000016 00000016 00000000 00000000 00000018 00000000
_ 00000014 00000002 00000000 00000000 00000016 00000000
` 00000016 00000016 00000000 00000000 00000018 00000000
a 00000012 00000010 00000000 00000000 00000014 00000000
b 00000010 00000016 00000000 00000000 00000012 00000000
c 00000009 00000010 00000000 00000000 00000011 00000000
d 00000010 00000016 00000000 00000000 00000012 00000000
e 00000009 00000010 00000000 00000000 00000011 00000000
f 00000008 00000016 00000000 00000000 00000010 00000000
g 00000011 00000016 00000000 -0000005 00000013 00000000
h 00000010 00000016 00000000 00000000 00000012 00000000
i 00000003 00000014 00000000 00000000 00000005 00000000
j 00000006 00000016 00000000 -0000005 00000008 00000000
k 00000010 00000016 00000000 00000000 00000012 00000000
l 00000002 00000016 00000000 00000000 00000004 00000000
m 00000016 00000010 00000000 00000000 00000018 00000000
n 00000009 00000010 00000000 00000000 00000011 00000000
o 00000011 00000011 00000000 00000000 00000013 00000000
p 00000011 00000016 00000000 -0000005 00000013 00000000
q 00000011 00000016 00000000 -0000005 00000013 00000000
r 00000008 00000010 00000000 00000000 00000010 00000000
s 00000007 00000010 00000000 00000000 00000009 00000000
t 00000008 00000016 00000000 00000000 00000010 00000000
u 00000009 00000010 00000000 00000000 00000011 00000000
v 00000010 00000010 00000000 00000000 00000012 00000000
w 00000016 00000010 00000000 00000000 00000018 00000000
x 00000008 00000010 00000000 00000000 00000010 00000000
y 00000009 00000015 00000000 -0000005 00000011 00000000
z 00000009 00000009 00000000 00000000 00000011 00000000
{ 00000016 00000016 00000000 00000000 00000018 00000000
| 00000016 00000016 00000000 00000000 00000018 00000000
} 00000016 00000016 00000000 00000000 00000018 00000000
~ 00000016 00000016 00000000 00000000 00000018 00000000